     0/499     1.41G    0.1158   0.05579         0    0.1716       107       416         0         0         0         0    0.1107   0.04957         0
     1/499     1.43G   0.09875   0.06291         0    0.1617       148       416         0         0         0         0    0.1084   0.05371         0
     2/499     1.43G   0.09647   0.06029         0    0.1568       117       416         0         0         0         0    0.1066   0.05703         0
     3/499     1.43G   0.09589   0.06647         0    0.1624       212       416         0         0         0         0    0.1053   0.05885         0
     4/499     1.43G   0.09258    0.0687         0    0.1613        98       416         0         0         0         0    0.1044    0.0595         0
     5/499     1.43G   0.09368   0.06786         0    0.1615       124       416         0         0         0         0    0.1039   0.05988         0
     6/499     1.43G   0.08871   0.06583         0    0.1545        97       416         0         0         0         0    0.1033   0.06013         0
     7/499     1.43G   0.08893   0.07253         0    0.1615       124       416         0         0         0         0    0.1028    0.0599         0
     8/499     1.43G   0.09892   0.06605         0     0.165       129       416         0         0         0         0    0.1027    0.0598         0
     9/499     1.43G     0.101   0.06185         0    0.1628       115       416         0         0         0         0    0.1025   0.05974         0
    10/499     1.43G   0.08362   0.07076         0    0.1544       106       416         0         0         0         0    0.1026   0.05971         0
    11/499     1.43G    0.1001   0.06246         0    0.1626       135       416         0         0         0         0    0.1022   0.05959         0
    12/499     1.43G   0.08339   0.06452         0    0.1479       111       416 0.0002564  0.006711 3.009e-06 3.009e-07     0.102   0.05956         0
    13/499     1.43G   0.08814   0.06335         0    0.1515        69       416 0.0002572  0.006711 3.012e-06 3.012e-07     0.102   0.05954         0
    14/499     1.43G   0.07868   0.06982         0    0.1485       122       416         0         0         0         0    0.1161   0.05027         0
    15/499     1.43G    0.1003   0.06637         0    0.1667       115       416  0.005399   0.01342 9.374e-05 2.813e-05    0.1086   0.05518         0
    16/499     1.43G    0.0934   0.06533         0    0.1587        96       416   0.02162  0.006711 0.0001363 3.962e-05    0.1035   0.05778         0
    17/499     1.43G    0.1028   0.06866         0    0.1714       122       416  0.001721   0.01342 7.752e-05 1.533e-05    0.1024   0.05816         0
    18/499     1.43G   0.08952   0.06629         0    0.1558       107       416  0.002051   0.05369  0.000123 2.369e-05    0.1016   0.05822         0
    19/499     1.43G   0.09822   0.06665         0    0.1649       111       416  0.002308    0.0604 0.0001541 2.826e-05    0.1007   0.05808         0
    20/499     1.43G   0.09478   0.06632         0    0.1611        94       416   0.00359   0.09396 0.0003672 5.615e-05   0.09979   0.05796         0
    21/499     1.43G   0.09969   0.06031         0      0.16        89       416  0.003333   0.08725 0.0003214 4.786e-05    0.1001   0.05683         0
    22/499     1.43G    0.0938   0.06796         0    0.1618       125       416  0.003333   0.08725 0.0003262 5.225e-05    0.1023   0.05574         0
    23/499     1.43G   0.08996   0.06772         0    0.1577       109       416  0.004615    0.1208 0.0005812 0.0001014    0.1022   0.05608         0
    24/499     1.43G   0.09755   0.06903         0    0.1666       192       416   0.01473   0.01342 0.0009957  0.000177    0.1007   0.05738         0
    25/499     1.43G   0.09757   0.06328         0    0.1609        92       416  0.005949    0.1544  0.001073 0.0001642   0.09969   0.05797         0
    26/499     1.43G   0.08987   0.06602         0    0.1559       157       416  0.006667    0.1745  0.001261 0.0001769   0.09986   0.05854         0
    27/499     1.43G    0.1045   0.06884         0    0.1733       127       416  0.005641    0.1477 0.0008954 0.0001376   0.09851   0.05853         0
    28/499     1.43G   0.09188   0.06726         0    0.1591       123       416   0.07306  0.006711  0.001381  0.000164   0.09805   0.05822         0
    29/499     1.43G   0.09697   0.06841         0    0.1654       113       416  0.002633   0.06711 0.0001943 2.688e-05    0.1213    0.0484         0
    30/499     1.43G    0.0891    0.0665         0    0.1556       112       416  0.006332   0.01342 0.0002765 0.0001042    0.1256   0.04381         0
    31/499     1.43G   0.08985   0.06658         0    0.1564        89       416  0.003655   0.09396 0.0003712 7.425e-05    0.1132   0.04864         0
    32/499     1.43G   0.09044   0.06414         0    0.1546       121       416  0.009067   0.04027  0.001739 0.0003938    0.1005   0.05452         0
    33/499     1.43G   0.09406   0.06399         0     0.158       129       416    0.0105    0.0604  0.002061 0.0003464    0.1034   0.05058         0
    34/499     1.43G   0.09195   0.06739         0    0.1593       131       416   0.03625    0.0604  0.004672 0.0007686     0.103   0.05194         0
    35/499     1.43G   0.09902   0.07109         0    0.1701       170       416   0.04842   0.08054   0.00748  0.001235    0.1008   0.05282         0
    36/499     1.43G    0.1012    0.0683         0    0.1695        83       416   0.08437    0.1275   0.02327  0.003768   0.09883    0.0548         0
    37/499     1.43G   0.08855   0.06699         0    0.1555       137       416    0.1013    0.1745   0.03733  0.006225   0.09635   0.05716         0
    38/499     1.43G   0.08689   0.06687         0    0.1538       110       416    0.1255    0.2148   0.05866  0.009434    0.0951   0.05787         0
    39/499     1.43G   0.09989   0.07017         0    0.1701       103       416     0.232    0.1208   0.05917  0.009352   0.09704    0.0561         0
    40/499     1.43G   0.08748   0.06769         0    0.1552       108       416    0.2428    0.1678   0.08234   0.01351    0.0967   0.05572         0
    41/499     1.43G   0.08558   0.06859         0    0.1542        88       416     0.237    0.1611   0.08943   0.01519   0.09436   0.05795         0
    42/499     1.43G   0.08829   0.06179         0    0.1501       144       416    0.1899    0.2723    0.1211   0.01875   0.09354   0.05921         0
    43/499     1.43G   0.09587    0.0658         0    0.1617       175       416    0.3052    0.2416    0.1501   0.03366   0.09296   0.05742         0
    44/499     1.43G   0.08072   0.06544         0    0.1462       127       416    0.2353    0.2209    0.1555   0.02302   0.09426   0.06758         0
    45/499     1.43G   0.08632   0.05943         0    0.1457        92       416    0.1231    0.3557    0.1433   0.02532   0.09403   0.06169         0
    46/499     1.43G   0.08472   0.05816         0    0.1429       149       416     0.171    0.1592   0.09119   0.01756   0.09545   0.08789         0
    47/499     1.43G   0.08305    0.0575         0    0.1405        72       416    0.1735    0.1812   0.08827   0.01761   0.09441    0.1087         0
    48/499     1.43G    0.0845   0.06172         0    0.1462       150       416    0.1906    0.2339   0.09444   0.02273   0.09498       0.1         0
    49/499     1.43G   0.08271   0.05767         0    0.1404       106       416    0.1314    0.1007    0.0272  0.004646   0.09903    0.1369         0
    50/499     1.43G   0.08705   0.05937         0    0.1464       163       416   0.08435    0.1477    0.0322  0.005702   0.09488    0.1068         0
    51/499     1.43G   0.07901   0.05652         0    0.1355       103       416    0.1734     0.302    0.1073   0.02028   0.09508    0.1093         0
    52/499     1.43G   0.08439   0.05805         0    0.1424       180       416    0.2079    0.4228    0.1521   0.02624   0.09174   0.05732         0
    53/499     1.43G   0.09032   0.05659         0    0.1469       113       416    0.2442    0.4631    0.1873    0.0394    0.1005   0.04733         0
    54/499     1.43G    0.0845   0.05528         0    0.1398       110       416    0.2175    0.3618     0.132   0.02625    0.1122   0.04486         0
    55/499     1.43G   0.07707   0.05365         0    0.1307       102       416    0.1803    0.4228    0.1272   0.02515    0.1116   0.05286         0
    56/499     1.43G   0.08221   0.05533         0    0.1375       123       416    0.1483    0.3557   0.09366   0.01832    0.1052   0.05027         0
    57/499     1.43G   0.08595    0.0533         0    0.1392       136       416    0.2468    0.3691    0.1897   0.04603    0.1032   0.05697         0
    58/499     1.43G   0.08874    0.0535         0    0.1422       107       416    0.3029    0.4094    0.2537   0.05281    0.0924   0.04565         0
    59/499     1.43G   0.07027   0.05188         0    0.1222       106       416    0.2991    0.4668    0.2334   0.03777   0.08909   0.04319         0
    60/499     1.43G   0.07344   0.05291         0    0.1263       155       416   0.08745    0.1745   0.03758  0.005945    0.0968    0.2506         0
    61/499     1.43G   0.07974   0.05572         0    0.1355       101       416    0.3683    0.5302    0.3588   0.08478   0.08147   0.04138         0
    62/499     1.43G   0.07984   0.05126         0    0.1311        86       416    0.4363    0.4832    0.3735   0.08862   0.07938   0.03981         0
    63/499     1.43G   0.08336    0.0505         0    0.1339       123       416    0.3287     0.396    0.2277   0.04537   0.08285   0.03879         0
    64/499     1.43G   0.07812   0.05255         0    0.1307       114       416    0.4475    0.4295    0.3865   0.07062   0.07675   0.03847         0
    65/499     1.43G    0.0789   0.05129         0    0.1302       102       416    0.2902    0.5906    0.3121   0.05872   0.07854   0.03786         0
    66/499     1.43G   0.07592   0.05181         0    0.1277       108       416    0.4847    0.4545    0.4003   0.08946   0.07659   0.03925         0
    67/499     1.43G   0.08826   0.05077         0     0.139       129       416    0.3134    0.5637    0.3098   0.06373   0.07984   0.03775         0
    68/499     1.43G   0.08994   0.04818         0    0.1381       153       416    0.5517     0.557    0.5237    0.1551   0.07568   0.03828         0
    69/499     1.43G   0.07697   0.05224         0    0.1292       126       416    0.2305    0.5101    0.1584   0.02701   0.08937   0.03424         0
    70/499     1.43G   0.08354      0.05         0    0.1335        99       416    0.3098    0.5638    0.2589    0.0532    0.1047   0.03722         0
    71/499     1.43G   0.07362   0.04732         0    0.1209        91       416    0.3407    0.4093    0.2975   0.07865    0.1066   0.03582         0
    72/499     1.43G   0.05896   0.04599         0     0.105       112       416    0.5447    0.4496    0.4369    0.1259    0.1028   0.03556         0
    73/499     1.43G   0.07228   0.04973         0     0.122        77       416     0.551    0.5353    0.5118    0.1426   0.09943   0.03639         0
    74/499     1.43G   0.07556   0.05063         0    0.1262       119       416    0.4477     0.604    0.5002    0.1142   0.08432   0.03684         0
    75/499     1.43G   0.06751   0.04963         0    0.1171       148       416    0.3749    0.5638    0.3856   0.09961   0.07839   0.03631         0
    76/499     1.43G   0.07341   0.04849         0    0.1219       112       416    0.3896     0.604    0.4014    0.1249   0.08336    0.0364         0
    77/499     1.43G   0.08518   0.04653         0    0.1317       138       416    0.4794    0.5705     0.495     0.146   0.08322   0.03885         0
    78/499     1.43G   0.07838   0.04871         0    0.1271       120       416    0.4997    0.5436    0.4573     0.124   0.08243   0.04167         0
    79/499     1.43G   0.06796   0.04481         0    0.1128        91       416    0.6342    0.5705    0.6066    0.1529   0.07719   0.03553         0
    80/499     1.43G   0.06468   0.04714         0    0.1118       102       416    0.4871    0.5772    0.4113   0.08827   0.08014   0.03464         0
    81/499     1.43G   0.07543   0.04646         0    0.1219       113       416    0.3777    0.6272     0.435   0.09007   0.07748   0.04541         0
    82/499     1.43G   0.08017    0.0475         0    0.1277       114       416    0.6163    0.5839     0.543    0.1467   0.07756    0.0592         0
    83/499     1.43G   0.06781   0.04913         0    0.1169        94       416    0.4892    0.6299    0.5301    0.1259   0.07678    0.0447         0
    84/499     1.43G   0.07841   0.04672         0    0.1251       104       416    0.5259    0.5235    0.4013     0.074   0.07741   0.03965         0
    85/499     1.43G   0.07512   0.04609         0    0.1212       126       416    0.4771    0.3796    0.3562   0.09462   0.08697   0.05346         0
    86/499     1.43G   0.07294   0.04565         0    0.1186        85       416    0.1585    0.2617   0.07461   0.01501    0.1065   0.05958         0
    87/499     1.43G    0.0662   0.04396         0    0.1102        77       416    0.4371    0.5168    0.3259   0.07611    0.1015   0.03861         0
    88/499     1.43G   0.07703   0.04732         0    0.1244       142       416    0.2186    0.4698    0.1889   0.03764    0.1044   0.04435         0
    89/499     1.43G   0.07325   0.04505         0    0.1183        93       416    0.5772    0.5503    0.4937    0.1041   0.08108    0.0342         0
    90/499     1.43G   0.06934   0.04517         0    0.1145       178       416     0.436    0.5503    0.4046   0.09448   0.09962   0.03689         0
    91/499     1.43G   0.07133    0.0464         0    0.1177       114       416    0.3557    0.4965    0.3314   0.08292    0.1054   0.04031         0
    92/499     1.43G   0.07371   0.04979         0    0.1235       192       416    0.2404    0.3423    0.1499   0.02924    0.1098   0.03857         0
    93/499     1.43G    0.0798   0.04543         0    0.1252        76       416    0.5644    0.4697    0.4676    0.1247   0.08466   0.04594         0
    94/499     1.43G   0.07157     0.049         0    0.1206       139       416    0.6198    0.4497    0.5031    0.1446    0.0998   0.04731         0
    95/499     1.43G   0.06043   0.04397         0    0.1044       149       416    0.3468    0.4228    0.2193   0.06357    0.1123   0.07482         0
    96/499     1.43G   0.06184   0.04537         0    0.1072       164       416   0.02102    0.3221  0.007492  0.001644    0.1206    0.2737         0
    97/499     1.43G   0.07583   0.04901         0    0.1248       168       416    0.0342    0.4564   0.01758  0.003418    0.1138    0.2509         0
    98/499     1.43G   0.07541   0.04821         0    0.1236       137       416    0.0557    0.4832   0.03345  0.006157    0.1093   0.08534         0
    99/499     1.43G   0.07106   0.04525         0    0.1163       129       416   0.03187   0.08725  0.007743  0.001221    0.1089   0.06044         0
   100/499     1.43G   0.06101   0.04801         0     0.109       100       416   0.08144    0.1007   0.03994  0.006049   0.09216   0.05992         0
   101/499     1.43G   0.07238   0.04222         0    0.1146       118       416    0.3728    0.3356     0.278   0.05269   0.08519   0.04308         0
   102/499     1.43G   0.07398    0.0479         0    0.1219       121       416    0.5781     0.616    0.5381    0.1735   0.07499   0.03435         0
   103/499     1.43G   0.06995   0.04476         0    0.1147       164       416    0.6365    0.6846    0.6616    0.2441   0.06994   0.03505         0
   104/499     1.43G   0.06397   0.04468         0    0.1087       105       416    0.7664    0.8389    0.8031    0.2892   0.06373   0.03121         0
   105/499     1.43G   0.07186   0.04384         0    0.1157        80       416    0.4929    0.5772    0.4366    0.1222    0.0764    0.0433         0
   106/499     1.43G   0.06633   0.04505         0    0.1114       166       416    0.5033    0.4698    0.4506    0.1388   0.07859   0.04181         0
   107/499     1.43G    0.0607   0.04557         0    0.1063       203       416    0.6367    0.4941    0.5325    0.1931   0.07532   0.04043         0
   108/499     1.43G   0.06625   0.04101         0    0.1073       145       416    0.5741    0.4899    0.4652    0.1641   0.07778   0.04156         0
   109/499     1.43G   0.06311   0.04417         0    0.1073       172       416    0.6732    0.6577    0.6977    0.2584   0.07378   0.03526         0
   110/499     1.43G   0.05983    0.0434         0    0.1032       185       416    0.6362    0.7517    0.6969    0.2587   0.07106   0.03369         0
   111/499     1.43G   0.07113    0.0433         0    0.1144       100       416    0.5136    0.4966    0.4581    0.1808   0.07383   0.04496         0
   112/499     1.43G   0.07021   0.04364         0    0.1139        90       416    0.8014    0.7582    0.7854    0.3075   0.06726   0.04079         0
   113/499     1.43G   0.05986   0.04531         0    0.1052       102       416    0.2983    0.2148    0.1186   0.03478    0.1113   0.04811         0
   114/499     1.43G   0.06587   0.04945         0    0.1153       130       416    0.2305     0.302    0.1074   0.02639    0.1206   0.04662         0
   115/499     1.43G   0.05992   0.04727         0    0.1072       141       416     0.167    0.3619   0.08286   0.02154    0.1179   0.04827         0
   116/499     1.43G   0.05659   0.04625         0    0.1028       127       416   0.04911     0.557   0.03195  0.007364    0.1135    0.0764         0
   117/499     1.43G   0.06369   0.04473         0    0.1084        93       416   0.05036    0.2148   0.02327  0.005092    0.1113   0.06448         0
   118/499     1.43G   0.06401   0.04301         0     0.107       157       416    0.1857    0.3154    0.1286   0.03996   0.08409   0.05544         0
   119/499     1.43G   0.06386   0.04433         0    0.1082       136       416    0.2585    0.1477   0.07404   0.02371   0.09581   0.07237         0
   120/499     1.43G   0.05609   0.04082         0   0.09691       114       416    0.2274    0.2416   0.09177   0.03015   0.09903   0.07119         0
   121/499     1.43G   0.06079   0.04454         0    0.1053       179       416     0.798    0.7158    0.7174    0.2821   0.07637   0.03447         0
   122/499     1.43G   0.06041   0.04338         0    0.1038       141       416    0.9339    0.7583    0.8658    0.3688   0.07336   0.03206         0
   123/499     1.43G   0.06397   0.04189         0    0.1059        65       416     0.714    0.7383    0.7218    0.2198   0.07624   0.03159         0
   124/499     1.43G    0.0667   0.04148         0    0.1082       143       416    0.3013    0.4228    0.2669   0.07096   0.08725    0.0498         0
   125/499     1.43G   0.06324   0.04023         0    0.1035        88       416     0.867    0.7441    0.8493     0.388   0.06544    0.0309         0
   126/499     1.43G   0.06055   0.04182         0    0.1024       136       416     0.757    0.6107    0.7083     0.313   0.07136   0.03915         0
   127/499     1.43G   0.05827   0.04005         0   0.09832       156       416    0.8517    0.7708    0.8595    0.3905   0.06196   0.03024         0
   128/499     1.43G   0.07055   0.04063         0    0.1112       154       416    0.6154    0.5906    0.5854    0.2122   0.07083   0.03819         0
   129/499     1.43G   0.06287   0.04259         0    0.1055       117       416    0.6918    0.6026    0.5946    0.2044   0.08452   0.04233         0
   130/499     1.43G   0.06166   0.04313         0    0.1048        92       416     0.682    0.5839    0.5558    0.2015   0.08425   0.04664         0
   131/499     1.43G   0.05771      0.04         0   0.09771       100       416    0.4198    0.4228    0.3689    0.1221   0.08981   0.05144         0
   132/499     1.43G   0.06399   0.04072         0    0.1047        91       416    0.2032    0.2416    0.1052   0.02485    0.0866   0.04901         0
   133/499     1.43G   0.06045   0.04083         0    0.1013       114       416    0.4441    0.4295    0.3363   0.08749   0.08197    0.0466         0
   134/499     1.43G   0.06171   0.04234         0    0.1041       162       416    0.5434     0.604    0.5211    0.1969   0.07541   0.05234         0
   135/499     1.43G   0.06157   0.04077         0    0.1023       138       416    0.5089    0.3755    0.3447    0.1291   0.08023   0.04649         0
   136/499     1.43G   0.05949   0.04127         0    0.1008        95       416    0.7153    0.3893    0.4665    0.1756    0.0804     0.043         0
   137/499     1.43G   0.05228   0.03807         0   0.09035        98       416     0.596    0.4765    0.4634    0.1535   0.07972   0.04374         0
   138/499     1.43G   0.05429   0.03907         0   0.09336       123       416    0.5933    0.5302    0.5269    0.1925   0.07824   0.04089         0
   139/499     1.43G   0.05626   0.04309         0   0.09935       112       416     0.559     0.349    0.3685    0.1416   0.07783   0.04679         0
   140/499     1.43G   0.05571   0.04082         0   0.09653       132       416    0.7446    0.7852    0.7523    0.3423   0.06359   0.03708         0
   141/499     1.43G   0.04985   0.04096         0    0.0908       126       416     0.777    0.7717    0.7853     0.375   0.06095   0.03493         0
   142/499     1.43G   0.05037   0.03914         0   0.08951       105       416    0.8659     0.651    0.7409    0.3626   0.06216   0.03626         0
   143/499     1.43G   0.04767   0.04008         0   0.08775       123       416    0.8579    0.7315    0.7977    0.3777   0.06102   0.03456         0
   144/499     1.43G   0.05443   0.03999         0   0.09442       103       416    0.9075    0.7241    0.8257    0.3803   0.05999   0.03253         0
   145/499     1.43G   0.06501    0.0396         0    0.1046       111       416    0.8182    0.7247     0.783    0.3483   0.06588   0.03489         0
   146/499     1.43G   0.05701   0.03846         0   0.09547        95       416    0.9015    0.7987    0.8902    0.4486   0.06217   0.03001         0
   147/499     1.43G    0.0575   0.04153         0   0.09903       180       416    0.9308     0.812     0.903    0.4381   0.06107   0.02852         0
   148/499     1.43G    0.0576   0.03942         0   0.09702       116       416    0.9504    0.7716    0.8741    0.4236   0.06279   0.03302         0
   149/499     1.43G   0.05865   0.03995         0    0.0986       113       416    0.9173    0.8389    0.8958     0.442   0.06256   0.03007         0
   150/499     1.43G   0.05149   0.03784         0   0.08933       144       416    0.8832    0.7107     0.799    0.3584   0.06627   0.03494         0
   151/499     1.43G   0.05718   0.03616         0   0.09334        87       416    0.9088    0.8188    0.8597    0.3488    0.0636   0.02883         0
   152/499     1.43G   0.05678   0.03658         0   0.09337       152       416    0.8865    0.8388    0.8967    0.4442   0.05773   0.02952         0
   153/499     1.43G   0.05924   0.03702         0   0.09626       113       416    0.9078    0.8589    0.9056    0.4685   0.05815   0.02857         0
   154/499     1.43G    0.0557     0.038         0    0.0937       124       416    0.9524    0.8121    0.9031    0.4646   0.05839   0.02964         0
   155/499     1.43G   0.05348   0.03776         0   0.09124        82       416    0.9217    0.8725    0.9305    0.4861   0.05467   0.02826         0
   156/499     1.43G   0.05435   0.04054         0   0.09489        96       416    0.9166    0.8854    0.9272    0.4281   0.05503   0.02997         0
   157/499     1.43G   0.04655   0.03839         0   0.08494       130       416    0.9248    0.8253       0.9    0.4452   0.05908   0.02924         0
   158/499     1.43G   0.05302   0.03828         0    0.0913       107       416    0.9021    0.8037    0.8707    0.4142   0.06484   0.03091         0
   159/499     1.43G   0.05501    0.0384         0   0.09341        99       416    0.9332    0.8444    0.9067    0.4674    0.0592   0.02846         0
   160/499     1.43G   0.04966    0.0398         0   0.08946       104       416    0.8613    0.9195    0.9198    0.4818   0.05758   0.02737         0
   161/499     1.43G   0.05742   0.03817         0   0.09559       109       416    0.9184    0.8389    0.9119    0.4634   0.05782   0.02744         0
   162/499     1.43G   0.05406   0.04146         0   0.09552       157       416    0.9326    0.8389    0.9101    0.4167   0.05855   0.02791         0
   163/499     1.43G   0.05121   0.03889         0   0.09011       203       416    0.9104    0.8181    0.9086    0.4324   0.05882   0.02865         0
   164/499     1.43G   0.05018   0.04055         0   0.09072        96       416    0.9352    0.8722    0.9389    0.4491   0.05609   0.02858         0
   165/499     1.43G   0.05258   0.03535         0   0.08793        68       416    0.9403    0.8455     0.931    0.4153   0.05876   0.02904         0
   166/499     1.43G   0.05462   0.03715         0   0.09176       119       416    0.8939     0.906    0.9292     0.486   0.05601   0.02831         0
   167/499     1.43G   0.04954   0.03742         0   0.08695        91       416    0.9482    0.8792    0.9269    0.4767   0.05756   0.02844         0
   168/499     1.43G   0.05389   0.03823         0   0.09211       151       416    0.9415    0.8725    0.9314    0.4622   0.05699   0.02785         0
   169/499     1.43G   0.05055   0.03633         0   0.08688       134       416    0.9259    0.8456    0.9085    0.3966     0.065   0.03038         0
   170/499     1.43G   0.05291   0.03843         0   0.09134       175       416    0.8852    0.8859    0.9323    0.5155   0.05427   0.02667         0
   171/499     1.43G   0.05513   0.03746         0   0.09259       146       416    0.8791    0.8859    0.9155    0.5149   0.05686   0.02727         0
   172/499     1.43G   0.05247   0.03835         0   0.09081        97       416     0.899    0.8993    0.9375    0.5247   0.05713   0.02674         0
   173/499     1.43G   0.05679   0.03708         0   0.09387       119       416    0.9175    0.8255    0.8945    0.4189   0.06464   0.03173         0
   174/499     1.43G   0.04815   0.03769         0   0.08585       169       416    0.9108    0.8926     0.919    0.5075   0.05818    0.0271         0
   175/499     1.43G   0.05243   0.04064         0   0.09307       123       416    0.9172    0.8924    0.9234    0.4774   0.05691   0.02649         0
   176/499     1.43G   0.04808   0.04328         0   0.09136       188       416    0.9103    0.8926    0.9315    0.5177   0.05428   0.02686         0
   177/499     1.43G    0.0477   0.03512         0   0.08282       128       416    0.9487    0.7444    0.8816    0.4516   0.05771   0.03026         0
   178/499     1.43G   0.05518   0.03761         0   0.09279       129       416    0.9595    0.7987    0.9025    0.4858   0.05888   0.02702         0
   179/499     1.43G   0.04749   0.03636         0   0.08385       115       416    0.9004    0.9128    0.9176    0.5103    0.0566   0.02671         0
   180/499     1.43G   0.05304   0.03706         0    0.0901       107       416    0.8589    0.8993    0.9177    0.4819   0.05713   0.02737         0
   181/499     1.43G   0.05386   0.03563         0   0.08949        74       416    0.9457    0.8188    0.9015     0.478   0.05901   0.02995         0
   182/499     1.43G   0.05717   0.03699         0   0.09416       114       416    0.9375     0.906    0.9441    0.5194   0.05216   0.02683         0
   183/499     1.43G   0.05037   0.03837         0   0.08874        72       416     0.936    0.8859    0.9364    0.5243   0.05143   0.02675         0
   184/499     1.43G   0.05121   0.03786         0   0.08907       212       416    0.9342    0.8859     0.933    0.5115   0.05424   0.02703         0
   185/499     1.43G   0.04719   0.03676         0   0.08395       118       416    0.9378    0.9128    0.9343    0.5023   0.05702   0.02701         0
   186/499     1.43G   0.04956   0.03561         0   0.08517        58       416    0.9041    0.8859    0.9253     0.502   0.05802    0.0273         0
   187/499     1.43G   0.04902   0.03434         0   0.08335       101       416    0.9037    0.8859    0.9315    0.5046   0.05804   0.02669         0
   188/499     1.43G   0.05032   0.03681         0   0.08713        90       416     0.883    0.9128    0.9345    0.5254   0.05579   0.02687         0
   189/499     1.43G   0.04849   0.03972         0   0.08821       152       416    0.9459    0.8725    0.9405    0.5145   0.05501   0.02754         0
   190/499     1.43G   0.04772   0.03704         0   0.08476       169       416    0.9241    0.8988    0.9408    0.5202   0.05348   0.02678         0
   191/499     1.43G   0.04822   0.03571         0   0.08393       119       416    0.9343    0.8589    0.9223     0.519   0.05498   0.02674         0
   192/499     1.43G   0.05317   0.03848         0   0.09166       181       416    0.9127    0.9126     0.937    0.5109   0.05348   0.02662         0
   193/499     1.43G   0.05379   0.03611         0    0.0899       166       416    0.8968    0.9329    0.9494    0.5292   0.05228   0.02641         0
   194/499     1.43G   0.05081   0.03744         0   0.08825       128       416    0.9078    0.9262    0.9488    0.5182   0.05211   0.02669         0
   195/499     1.43G   0.05417   0.03914         0   0.09331       156       416    0.9019    0.9257    0.9495    0.5441   0.05251   0.02623         0
   196/499     1.43G   0.05066   0.03399         0   0.08465        96       416    0.9485    0.8652    0.9285     0.505   0.05579   0.02719         0
   197/499     1.43G   0.04875   0.03375         0    0.0825       129       416    0.9251    0.9119    0.9425    0.5023   0.05576   0.02679         0
   198/499     1.43G   0.04866   0.03854         0    0.0872       112       416     0.931    0.9059    0.9419     0.511   0.05514   0.02742         0
   199/499     1.43G   0.04969   0.03718         0   0.08687       129       416     0.942    0.8717    0.9289    0.5329   0.05575   0.02769         0
   200/499     1.43G   0.05233   0.03504         0   0.08737       136       416    0.9382    0.9195    0.9453    0.5429   0.05346   0.02628         0
   201/499     1.43G   0.04818   0.03906         0   0.08724       122       416    0.9507    0.9055    0.9497    0.5462   0.05288   0.02655         0
   202/499     1.43G     0.048   0.03669         0   0.08469       102       416    0.9377    0.9128    0.9353     0.552   0.05174   0.02642         0
   203/499     1.43G   0.05082   0.03999         0    0.0908       186       416    0.9427    0.8859     0.934    0.5383   0.05611    0.0271         0
   204/499     1.43G   0.04976    0.0361         0   0.08586       139       416    0.9184    0.9329    0.9464    0.5122   0.05573   0.02561         0
   205/499     1.43G   0.05394   0.03678         0   0.09072       165       416    0.9431    0.8926    0.9449    0.5423   0.05603     0.026         0
   206/499     1.43G   0.04607   0.03431         0   0.08037        71       416    0.9302    0.9128    0.9462    0.5113   0.05902   0.02696         0
   207/499     1.43G   0.05038   0.03692         0   0.08729       133       416     0.918     0.906    0.9439    0.4892   0.06032   0.02622         0
   208/499     1.43G   0.05592   0.03828         0    0.0942       129       416    0.9236    0.8926    0.9375    0.4633   0.06209   0.02751         0
   209/499     1.43G   0.05143    0.0363         0   0.08773       132       416     0.929    0.8926    0.9493    0.5036   0.05377   0.02582         0
   210/499     1.43G   0.04931   0.03526         0   0.08458       113       416    0.9189    0.9124    0.9466    0.5355   0.05124   0.02529         0
   211/499     1.43G   0.05234   0.03644         0   0.08878       136       416    0.9295    0.8859    0.9304     0.513   0.05304   0.02711         0
   212/499     1.43G   0.05211   0.03809         0    0.0902       154       416     0.861    0.8792    0.9113    0.4771    0.0559   0.02797         0
   213/499     1.43G    0.0496   0.03597         0   0.08556        98       416    0.8909    0.8792    0.9277    0.4891   0.05298   0.02746         0
   214/499     1.43G   0.04837   0.03639         0   0.08476       123       416    0.8874    0.8993    0.9326    0.5471   0.05428   0.02687         0
   215/499     1.43G   0.04849   0.03465         0   0.08314       148       416    0.9103    0.8858    0.9206    0.5263    0.0578   0.02665         0
   216/499     1.43G   0.05181   0.03592         0   0.08772       143       416    0.9189    0.9126    0.9373    0.5334   0.05684   0.02684         0
   217/499     1.43G   0.04772   0.03573         0   0.08344       106       416    0.8912    0.8993    0.9304    0.4676   0.05688   0.02756         0
   218/499     1.43G   0.04681   0.03838         0   0.08519       198       416    0.7596    0.5101    0.5817    0.2897   0.07674   0.04441         0
   219/499     1.43G   0.04275   0.03674         0   0.07949       113       416    0.2724    0.1812    0.1486   0.05867   0.09104   0.06203         0
   220/499     1.43G   0.04901   0.03605         0   0.08506       126       416    0.8999     0.906    0.9252    0.4796   0.05482   0.02641         0
   221/499     1.43G   0.05712   0.04008         0    0.0972       158       416    0.9296    0.8856     0.932    0.4917   0.06441   0.02616         0
   222/499     1.43G   0.05249   0.03862         0   0.09111       135       416    0.8806    0.8456    0.8794    0.4143   0.06606   0.02836         0
   223/499     1.43G   0.04639   0.03761         0     0.084       171       416    0.7837    0.4228    0.5303    0.2624   0.08117   0.04906         0
   224/499     1.43G   0.04516   0.03347         0   0.07864        64       416    0.4003    0.3356    0.3063    0.1275   0.08432   0.06598         0
   225/499     1.43G   0.05319   0.03604         0   0.08923       149       416    0.4169    0.4094    0.3737    0.1559   0.08247   0.05877         0
   226/499     1.43G   0.04226   0.03983         0   0.08208       210       416    0.5339    0.5151    0.5272    0.2456   0.07492   0.05242         0
   227/499     1.43G   0.04494    0.0353         0   0.08024       119       416    0.8965    0.6975    0.8029    0.4181   0.06295   0.03857         0
   228/499     1.43G   0.05156   0.03626         0   0.08783        98       416    0.8866    0.8922    0.9287    0.5081   0.05611   0.02802         0
   229/499     1.43G   0.04911   0.03649         0   0.08561       162       416    0.8979    0.8856    0.9256    0.5114   0.05785   0.02776         0
   230/499     1.43G   0.05115   0.03671         0   0.08786        91       416    0.9286    0.8723    0.9317    0.5397   0.05719    0.0271         0
   231/499     1.43G   0.05046   0.03575         0   0.08621       123       416    0.8724    0.9195    0.9306    0.5145   0.05766   0.02697         0
   232/499     1.43G   0.04519   0.03371         0    0.0789       131       416    0.9038    0.8859    0.9174    0.5222   0.05648   0.02715         0
   233/499     1.43G   0.04053   0.03589         0   0.07642       101       416    0.9295     0.885    0.9309    0.5351   0.05606   0.02698         0
   234/499     1.43G   0.04783   0.03513         0   0.08296       141       416    0.9177    0.8985    0.9293    0.5246   0.05356   0.02694         0
   235/499     1.43G   0.05154   0.03265         0   0.08419        90       416    0.9127    0.9126    0.9326    0.5307   0.05192     0.026         0
   236/499     1.43G   0.04705   0.03488         0   0.08193        54       416    0.9238    0.8993    0.9321    0.5504   0.05168   0.02618         0
   237/499     1.43G   0.04058   0.03282         0    0.0734        78       416    0.9139    0.9256    0.9304    0.5225   0.05161   0.02664         0
   238/499     1.43G   0.04629    0.0331         0   0.07939        82       416    0.9249    0.9195    0.9385    0.5617   0.04994   0.02608         0
   239/499     1.43G   0.05262   0.03514         0   0.08777        97       416    0.9318    0.9195    0.9421    0.5406   0.05133   0.02616         0
   240/499     1.43G   0.04374   0.03494         0   0.07868       164       416    0.9194    0.9195    0.9378     0.535   0.05558    0.0264         0
   241/499     1.43G   0.04657   0.03693         0    0.0835       212       416    0.9149    0.9396    0.9413    0.5211   0.05529   0.02606         0
   242/499     1.43G   0.04559   0.03607         0   0.08166       171       416    0.8972    0.9396    0.9431    0.5107   0.05318   0.02613         0
   243/499     1.43G    0.0449   0.03286         0   0.07776       157       416    0.9133    0.9195    0.9435    0.5471   0.05254   0.02535         0
   244/499     1.43G   0.04789   0.03498         0   0.08287       105       416    0.9375    0.9195    0.9456    0.5403    0.0526   0.02562         0
   245/499     1.43G   0.04443    0.0355         0   0.07993       139       416    0.9338    0.8926    0.9405    0.5303   0.05328   0.02585         0
   246/499     1.43G   0.04927   0.03607         0   0.08535       130       416    0.9241    0.8993    0.9296    0.5244   0.05402   0.02648         0
   247/499     1.43G   0.04371    0.0357         0   0.07941       133       416    0.9355    0.8859    0.9354    0.5335   0.05092   0.02732         0
   248/499     1.43G   0.04438   0.03372         0    0.0781       134       416    0.9321    0.9262     0.944    0.5385   0.04875   0.02588         0
   249/499     1.43G   0.04447   0.03476         0   0.07923       117       416      0.92    0.9262    0.9417    0.5219     0.051   0.02628         0
   250/499     1.43G   0.04622   0.03445         0   0.08066       105       416    0.9127    0.9124    0.9238      0.52   0.05769   0.02674         0
   251/499     1.43G   0.04637   0.03525         0   0.08162       135       416    0.9256    0.9195    0.9406    0.5433   0.05708   0.02696         0
   252/499     1.43G   0.05081   0.03703         0   0.08784       115       416    0.9567    0.8993    0.9427    0.5335     0.054   0.02698         0
   253/499     1.43G   0.04561   0.03399         0    0.0796       140       416    0.9383    0.9186    0.9443    0.5212   0.05163   0.02706         0
   254/499     1.43G   0.04454   0.03452         0   0.07907       215       416    0.9085    0.9328     0.944    0.5088   0.05197    0.0268         0
   255/499     1.43G   0.04415   0.03449         0   0.07864       147       416    0.9315    0.9127    0.9433    0.5481   0.05422   0.02569         0
   256/499     1.43G   0.04823   0.03319         0   0.08141        79       416    0.9773    0.8657    0.9198    0.4599   0.06223   0.02759         0
   257/499     1.43G   0.04641   0.03419         0   0.08061       155       416    0.9485    0.8656     0.922    0.4754   0.06004    0.0276         0
   258/499     1.43G   0.04221    0.0345         0   0.07671       139       416    0.9365    0.8993     0.946    0.5169   0.05631   0.02668         0
   259/499     1.43G   0.04152     0.037         0   0.07852        80       416     0.912     0.906    0.9438    0.5497   0.05204   0.02724         0
   260/499     1.43G   0.04248   0.03637         0   0.07885       133       416    0.9121     0.906     0.937    0.5412   0.05212   0.02678         0
   261/499     1.43G   0.05119   0.03239         0   0.08358       111       416    0.9246    0.9128    0.9317    0.5383   0.05237   0.02602         0
   262/499     1.43G   0.04652   0.03377         0   0.08029       148       416    0.9257    0.9195    0.9401    0.5401   0.05235     0.026         0
   263/499     1.43G   0.04595   0.03635         0   0.08231        78       416     0.944    0.9059    0.9483    0.5556    0.0511   0.02559         0
   264/499     1.43G   0.04795   0.03651         0   0.08447       184       416    0.9299    0.8906    0.9315    0.5325   0.05238   0.02577         0
   265/499     1.43G   0.04709   0.03445         0   0.08154        95       416    0.9114    0.8993    0.9311    0.5532   0.05329   0.02608         0
   266/499     1.43G   0.04546   0.03376         0   0.07923        96       416    0.8919    0.8857     0.908     0.519   0.05835    0.0276         0
   267/499     1.43G   0.04918   0.03359         0   0.08277       150       416    0.9561    0.8792    0.9364    0.5355   0.05647    0.0261         0
   268/499     1.43G   0.04771   0.03592         0   0.08363       115       416    0.9265    0.8523    0.9105    0.4945   0.06353   0.02764         0
   269/499     1.43G   0.04623   0.03614         0   0.08237       107       416    0.9128    0.8456    0.9064    0.4782   0.06674   0.02845         0
   270/499     1.43G   0.04319   0.03528         0   0.07847       122       416    0.9155    0.8721    0.9263    0.5056   0.06371   0.02774         0
   271/499     1.43G   0.04823   0.03479         0   0.08302       200       416    0.9315    0.9195    0.9446    0.5273   0.05681   0.02613         0
   272/499     1.43G    0.0457   0.03686         0   0.08257       206       416    0.9637    0.8993     0.946    0.5171   0.05843   0.02632         0
   273/499     1.43G   0.04388   0.03321         0   0.07709       153       416     0.932    0.9193    0.9473    0.5211   0.05854   0.02663         0
   274/499     1.43G   0.04409   0.03233         0   0.07642        82       416    0.9648    0.9192    0.9597    0.5319   0.05381   0.02588         0
   275/499     1.43G   0.04577   0.03262         0   0.07839        98       416    0.9231    0.8858    0.9283    0.4912    0.0558   0.02671         0
   276/499     1.43G   0.04491   0.03359         0   0.07851        85       416     0.908    0.8725    0.8998    0.4469   0.05723   0.02719         0
   277/499     1.43G    0.0452   0.03215         0   0.07735       124       416    0.9502    0.8993    0.9408    0.5272   0.05556   0.02696         0
   278/499     1.43G   0.04721    0.0341         0   0.08131        91       416    0.9379    0.9126    0.9328    0.5461   0.05849   0.02757         0
   279/499     1.43G   0.04503   0.03416         0   0.07919       119       416    0.8971    0.8993     0.931    0.5311   0.05191   0.02653         0
   280/499     1.43G   0.04422   0.03347         0    0.0777       115       416    0.9013    0.9193    0.9321    0.5318   0.05119   0.02594         0
   281/499     1.43G   0.04356    0.0339         0   0.07746       101       416    0.9555    0.8658      0.93    0.5384   0.05193   0.02604         0
   282/499     1.43G   0.04338   0.03281         0   0.07618       111       416     0.923    0.8855    0.9261    0.5305   0.05979   0.02719         0
   283/499     1.43G   0.04116   0.03278         0   0.07395       108       416    0.9115    0.8991    0.9269    0.5317   0.05955   0.02691         0
   284/499     1.43G   0.04122   0.03447         0   0.07569       110       416    0.9246    0.9059    0.9308    0.5233   0.05646    0.0265         0
   285/499     1.43G   0.04196   0.03186         0   0.07382        70       416    0.9189    0.9128    0.9319    0.5224   0.05575   0.02637         0
   286/499     1.43G   0.04945   0.03351         0   0.08296       130       416    0.9079     0.926    0.9306    0.5302   0.05884   0.02724         0
   287/499     1.43G   0.04057   0.03487         0   0.07545       150       416    0.9084    0.9329    0.9393    0.5368   0.05646   0.02651         0
   288/499     1.43G   0.04412   0.03697         0   0.08109       225       416     0.915    0.9396    0.9434     0.542   0.05424   0.02607         0
   289/499     1.43G    0.0461    0.0322         0    0.0783       112       416    0.9638    0.8924    0.9418    0.5134   0.05499   0.02644         0
   290/499     1.43G   0.04295   0.03477         0   0.07771       129       416    0.9637    0.8921    0.9419    0.5498   0.05921   0.02623         0
   291/499     1.43G   0.04227   0.03639         0   0.07866       139       416    0.9562     0.879    0.9267     0.546   0.06081   0.02747         0
   292/499     1.43G   0.04278   0.03363         0   0.07641       129       416    0.9436    0.8991    0.9355    0.5364    0.0576   0.02707         0
   293/499     1.43G   0.04371   0.03491         0   0.07862       180       416    0.9507    0.9059    0.9418    0.5304     0.057   0.02634         0
   294/499     1.43G   0.04282   0.03253         0   0.07535       146       416    0.9574    0.9056    0.9401    0.5355   0.05728   0.02599         0
   295/499     1.43G   0.04354   0.03188         0   0.07543       106       416    0.9329    0.9328    0.9511    0.5613   0.05695   0.02561         0
   296/499     1.43G   0.04527    0.0342         0   0.07948       141       416    0.9388    0.9261    0.9539    0.5524    0.0565   0.02583         0
   297/499     1.43G   0.04732   0.03283         0   0.08015       134       416    0.9327    0.9329     0.949    0.5376   0.05452   0.02548         0
   298/499     1.43G   0.04851   0.03783         0   0.08634       149       416    0.9325    0.9329    0.9502    0.5257   0.05503   0.02635         0
   299/499     1.43G   0.04487   0.03133         0   0.07621        64       416    0.9448    0.9192    0.9468    0.5439   0.05516   0.02647         0
   300/499     1.43G     0.045   0.03455         0   0.07955       104       416    0.9379    0.9118    0.9474    0.5337   0.05532   0.02636         0
   301/499     1.43G   0.03935   0.03362         0   0.07297        97       416    0.9571    0.8993    0.9485    0.5071   0.05545   0.02619         0
   302/499     1.43G   0.04363    0.0328         0   0.07643       120       416    0.9568    0.8926    0.9422    0.4989   0.05493   0.02578         0
   303/499     1.43G   0.04192   0.03301         0   0.07493       140       416    0.9499    0.8903    0.9397    0.5244   0.05491   0.02542         0
   304/499     1.43G   0.04432   0.03432         0   0.07863       161       416    0.9428    0.8855    0.9317    0.5112   0.05961   0.02669         0
   305/499     1.43G   0.04045   0.03502         0   0.07548       123       416     0.944    0.9059    0.9452    0.5399   0.05954   0.02684         0
   306/499     1.43G   0.04427   0.03483         0    0.0791       151       416    0.9375    0.9059    0.9468    0.5427    0.0591   0.02655         0
   307/499     1.43G   0.04397   0.03384         0   0.07782       126       416    0.9236     0.906    0.9424    0.5452   0.06203   0.02631         0
   308/499     1.43G   0.03873   0.03453         0   0.07326        79       416    0.9374     0.906    0.9413    0.5465    0.0616   0.02647         0
   309/499     1.43G   0.04471   0.03343         0   0.07814       151       416    0.9427    0.8859    0.9307    0.5084   0.06262    0.0274         0
   310/499     1.43G   0.03862   0.03322         0   0.07185        98       416    0.9183    0.9057    0.9317    0.5453   0.05897   0.02686         0
   311/499     1.43G    0.0424   0.03471         0   0.07711       157       416    0.9133     0.919    0.9421    0.5471   0.05651   0.02647         0
   312/499     1.43G    0.0428   0.03383         0   0.07663       177       416    0.9327    0.9329    0.9416    0.5307     0.052   0.02571         0
   313/499     1.43G   0.04483   0.03294         0   0.07777       123       416    0.9452    0.9255    0.9405    0.5506   0.04836   0.02498         0
   314/499     1.43G   0.04325   0.03253         0   0.07579       170       416    0.9448    0.9194    0.9532    0.5458   0.04967   0.02566         0
   315/499     1.43G   0.04257   0.03142         0     0.074        98       416    0.9324    0.9258     0.941    0.5465   0.05179   0.02647         0
   316/499     1.43G   0.04776   0.03244         0    0.0802       100       416    0.9256    0.9195    0.9336    0.5553    0.0527   0.02666         0
   317/499     1.43G   0.04195   0.03278         0   0.07473       128       416    0.9324    0.9256    0.9444    0.5566   0.05293   0.02614         0
   318/499     1.43G   0.04432   0.03401         0   0.07833       131       416    0.9437    0.9128    0.9392    0.5603   0.05534   0.02624         0
   319/499     1.43G   0.04295   0.03309         0   0.07603        73       416    0.9381    0.9195     0.938    0.5428   0.05522   0.02613         0
   320/499     1.43G   0.04517   0.03224         0   0.07741       133       416    0.9433    0.8925    0.9322    0.5209   0.05005    0.0269         0
   321/499     1.43G   0.04458   0.03285         0   0.07744       135       416    0.9315    0.9125    0.9406    0.5377   0.04808   0.02659         0
   322/499     1.43G   0.04442   0.03376         0   0.07819        84       416    0.9325    0.9329    0.9549    0.5567    0.0474   0.02578         0
   323/499     1.43G   0.04438   0.03378         0   0.07816        88       416    0.9337    0.9463    0.9527    0.5583     0.049   0.02523         0
   324/499     1.43G   0.03962   0.03238         0     0.072       121       416    0.9557    0.8725    0.9395    0.5145   0.05491   0.02691         0
   325/499     1.43G   0.04141   0.03596         0   0.07737       175       416    0.9121     0.906    0.9336    0.5319   0.05602   0.02752         0
   326/499     1.43G   0.04184   0.02933         0   0.07117        80       416    0.9629    0.8792     0.941     0.509     0.054   0.02729         0
   327/499     1.43G   0.04392   0.03406         0   0.07799       103       416    0.9574     0.906    0.9418    0.4987   0.05298   0.02731         0
   328/499     1.43G   0.04358   0.03324         0   0.07682       160       416    0.9444    0.9128    0.9411    0.5039   0.05124   0.02665         0
   329/499     1.43G      0.04   0.03168         0   0.07168       112       416    0.9701    0.8722    0.9431    0.5539   0.05374   0.02632         0
   330/499     1.43G   0.04228   0.02975         0   0.07203        70       416    0.9712    0.9128    0.9441    0.5564   0.05431   0.02567         0
   331/499     1.43G   0.03879   0.03206         0   0.07086       134       416    0.9558    0.9128     0.943    0.5507   0.05699   0.02552         0
   332/499     1.43G   0.04249   0.03256         0   0.07505        94       416    0.9327    0.9329     0.943    0.5698   0.05254   0.02556         0
   333/499     1.43G   0.04114   0.03449         0   0.07563       134       416    0.9199    0.9262    0.9341    0.5229    0.0508   0.02657         0
   334/499     1.43G   0.04251   0.03078         0   0.07329        73       416    0.9078     0.925    0.9272    0.5052   0.05122   0.02719         0
   335/499     1.43G   0.03966   0.03279         0   0.07245        91       416    0.9024    0.9329     0.924    0.5133   0.05054   0.02699         0
   336/499     1.43G   0.04124   0.03503         0   0.07627       172       416    0.9137    0.9262    0.9278      0.52   0.04976   0.02652         0
   337/499     1.43G   0.04074   0.03129         0   0.07203        54       416    0.9378    0.9128    0.9295    0.5355   0.05164   0.02599         0
   338/499     1.43G   0.04059    0.0309         0   0.07149        60       416    0.9451    0.9329    0.9512    0.5462   0.05468   0.02602         0
   339/499     1.43G   0.04667    0.0319         0   0.07857       108       416    0.9574    0.9058    0.9494    0.5426   0.05617   0.02619         0
   340/499     1.43G   0.04619   0.03029         0   0.07648       139       416    0.9384    0.9194    0.9414    0.5331   0.05457   0.02623         0
   341/499     1.43G    0.0407   0.02995         0   0.07066       105       416    0.9444    0.9128    0.9414    0.5497   0.05332   0.02606         0
   342/499     1.43G   0.04138    0.0333         0   0.07468       121       416    0.9377    0.9128    0.9432     0.559   0.05245   0.02594         0
   343/499     1.43G   0.04137   0.03383         0   0.07521       142       416    0.9365    0.8993    0.9457    0.5387   0.05192    0.0261         0
   344/499     1.43G    0.0453   0.03412         0   0.07941       112       416    0.9246    0.9052    0.9382    0.5601    0.0514   0.02577         0
   345/499     1.43G   0.04347     0.033         0   0.07647       107       416     0.931     0.906    0.9366    0.5499   0.05105     0.026         0
   346/499     1.43G    0.0409   0.03202         0   0.07293       135       416    0.9378    0.9195    0.9412    0.5599    0.0502   0.02586         0
   347/499     1.43G   0.04211     0.033         0   0.07511       104       416    0.9256    0.9195    0.9361    0.5464   0.04987   0.02579         0
   348/499     1.43G   0.04207   0.03109         0   0.07316       155       416    0.9243     0.906    0.9289    0.5703   0.05064    0.0258         0
   349/499     1.43G   0.04459   0.03016         0   0.07475        94       416    0.9052    0.8993    0.9214    0.5516   0.05724    0.0273         0
   350/499     1.43G   0.04362   0.03432         0   0.07794       140       416      0.92    0.9329    0.9448    0.5694   0.05598    0.0265         0
   351/499     1.43G   0.03924   0.03521         0   0.07444       192       416    0.9333    0.9396    0.9454    0.5599   0.05365   0.02624         0
   352/499     1.43G   0.03769   0.03198         0   0.06967        96       416    0.9136    0.9262    0.9302    0.5435   0.05387   0.02675         0
   353/499     1.43G    0.0428    0.0316         0    0.0744       112       416     0.938    0.9195    0.9369    0.5472   0.05114   0.02583         0
   354/499     1.43G   0.03911   0.03178         0   0.07089       137       416    0.9576    0.9195    0.9465    0.5438   0.05076   0.02584         0
   355/499     1.43G   0.03912    0.0291         0   0.06822        98       416    0.9448    0.9194     0.939    0.5558   0.05122   0.02574         0
   356/499     1.43G    0.0388   0.03119         0   0.06999       105       416      0.92    0.9262    0.9317    0.5397   0.05375   0.02642         0
   357/499     1.43G   0.04253   0.03078         0   0.07331        84       416     0.931    0.9195    0.9325    0.5511   0.05347   0.02625         0
   358/499     1.43G   0.04156   0.03084         0    0.0724       123       416    0.9376    0.9128    0.9368    0.5517    0.0522   0.02592         0
   359/499     1.43G   0.03788   0.03197         0   0.06985        83       416    0.9447    0.9195    0.9394     0.555   0.05253   0.02648         0
   360/499     1.43G   0.04036    0.0318         0   0.07215       133       416    0.9197    0.9262    0.9321    0.5554   0.05528   0.02718         0
   361/499     1.43G   0.04573   0.03167         0    0.0774        68       416    0.9012    0.9195    0.9276    0.5642   0.05462    0.0271         0
   362/499     1.43G   0.04176   0.03051         0   0.07226       135       416    0.9199    0.9262    0.9382     0.575   0.04865   0.02559         0
   363/499     1.43G   0.04027   0.03174         0   0.07202       145       416    0.9517    0.9262    0.9462    0.5757   0.04819   0.02531         0
   364/499     1.43G    0.0412   0.03103         0   0.07223        80       416    0.9573     0.906    0.9437    0.5721   0.04816   0.02519         0
   365/499     1.43G   0.04178   0.03148         0   0.07326       133       416    0.9333    0.9394    0.9466    0.5746   0.04902   0.02491         0
   366/499     1.43G   0.04276   0.03492         0   0.07768       231       416    0.9713    0.9128    0.9463     0.554   0.05493   0.02592         0
   367/499     1.43G   0.04317   0.03214         0   0.07531        85       416    0.9701    0.8926     0.943    0.5416   0.05725   0.02678         0
   368/499     1.43G   0.04524   0.03117         0   0.07641       112       416    0.9571    0.8993    0.9374    0.5442   0.05383   0.02715         0
   369/499     1.43G   0.03961   0.03132         0   0.07092        83       416    0.9271    0.9396    0.9359    0.5003   0.05088   0.02691         0
   370/499     1.43G   0.04287   0.03029         0   0.07316       153       416     0.921    0.9394    0.9387    0.5327   0.04924   0.02593         0
   371/499     1.43G   0.04282   0.03099         0    0.0738       104       416    0.9205    0.9329    0.9406    0.5462   0.04842   0.02542         0
   372/499     1.43G    0.0455   0.03031         0   0.07581       120       416    0.9204    0.9329    0.9423    0.5598   0.04858   0.02597         0
   373/499     1.43G   0.04274   0.03058         0   0.07333        86       416    0.9149    0.9396    0.9434    0.5626   0.04867   0.02607         0
   374/499     1.43G   0.04067   0.03399         0   0.07466       138       416    0.9276    0.9462    0.9547    0.5612   0.04975   0.02597         0
   375/499     1.43G   0.03936   0.03242         0   0.07179       127       416     0.952    0.9321    0.9538    0.5659   0.05023   0.02589         0
   376/499     1.43G   0.04458   0.03282         0    0.0774       118       416    0.9396    0.9392    0.9422    0.5577   0.05024   0.02591         0
   377/499     1.43G   0.04053   0.03283         0   0.07336       168       416     0.927    0.9396    0.9423    0.5634    0.0501    0.0259         0
   378/499     1.43G   0.04383   0.03293         0   0.07676       140       416     0.909    0.9389    0.9392     0.556   0.05053   0.02603         0
   379/499     1.43G   0.04369   0.03144         0   0.07513       105       416    0.9321    0.9329    0.9401    0.5446   0.05012   0.02518         0
   380/499     1.43G   0.04051   0.03028         0   0.07079       102       416    0.9259    0.9329     0.946    0.5504   0.05051   0.02481         0
   381/499     1.43G   0.04706   0.03194         0   0.07899       138       416    0.9571     0.899     0.941    0.5446   0.05177   0.02547         0
   382/499     1.43G   0.04276   0.03226         0   0.07502       120       416    0.9368    0.8993    0.9427    0.5523   0.05668   0.02566         0
   383/499     1.43G   0.03972   0.03198         0    0.0717       126       416    0.9252    0.9195    0.9438    0.5624   0.05813   0.02528         0
   384/499     1.43G   0.04216   0.02825         0   0.07041        81       416    0.9145    0.9327    0.9453    0.5649   0.05891   0.02552         0
   385/499     1.43G   0.04071   0.03188         0   0.07259       148       416    0.9189    0.9128    0.9389    0.5454   0.05786   0.02595         0
   386/499     1.43G   0.03792   0.03137         0   0.06928        90       416    0.9141    0.9329    0.9387    0.5489   0.05406   0.02578         0
   387/499     1.43G   0.04589   0.03272         0   0.07861        69       416    0.9198    0.9262    0.9367    0.5411   0.05515   0.02609         0
   388/499     1.43G   0.04338    0.0347         0   0.07808       195       416    0.9193    0.9195     0.933    0.5481    0.0579   0.02671         0
   389/499     1.43G   0.03992   0.03169         0   0.07161       175       416    0.9257    0.9194    0.9357    0.5513   0.06184   0.02662         0
   390/499     1.43G   0.04139   0.03019         0   0.07158        74       416    0.9703    0.8993    0.9441    0.5471   0.06368   0.02625         0
   391/499     1.43G   0.04151   0.03146         0   0.07297       125       416     0.958    0.9195    0.9398    0.5533   0.05978   0.02581         0
   392/499     1.43G   0.03754   0.03092         0   0.06846       159       416    0.9517    0.9261    0.9479    0.5512   0.05504   0.02588         0
   393/499     1.43G   0.04088   0.03264         0   0.07352       129       416    0.9324    0.9329    0.9458    0.5535   0.05989   0.02637         0
   394/499     1.43G   0.03927   0.03177         0   0.07104       156       416    0.9319    0.9189    0.9306     0.548     0.057   0.02669         0
   395/499     1.43G   0.03675   0.03109         0   0.06784        84       416    0.9194    0.9195    0.9087    0.5328   0.05215   0.02627         0
   396/499     1.43G   0.03866   0.03232         0   0.07099       127       416    0.9149    0.9396    0.9391    0.5503   0.05137    0.0251         0
   397/499     1.43G   0.04082   0.03191         0   0.07273        98       416     0.932    0.9262    0.9399    0.5717   0.05144   0.02489         0
   398/499     1.43G   0.03644   0.03068         0   0.06712        92       416    0.9255    0.9195    0.9398    0.5638    0.0523   0.02529         0
   399/499     1.43G   0.04167   0.03333         0     0.075       174       416    0.9441     0.906    0.9359    0.5737   0.05348   0.02603         0
   400/499     1.43G   0.04368   0.03029         0   0.07397        87       416    0.9071    0.9195    0.9291    0.5671   0.06006   0.02692         0
   401/499     1.43G   0.03875      0.03         0   0.06875       131       416    0.9315    0.9126    0.9348    0.5656   0.06069   0.02666         0
   402/499     1.43G   0.04334   0.03018         0   0.07352       106       416    0.9451    0.9262    0.9427    0.5634   0.05324   0.02513         0
   403/499     1.43G   0.04464   0.03256         0   0.07719       130       416    0.9455    0.9329    0.9408    0.5505   0.05212   0.02485         0
   404/499     1.43G   0.04233   0.03228         0   0.07461       165       416    0.9208    0.9396    0.9407    0.5231   0.05229   0.02618         0
   405/499     1.43G   0.04233   0.03383         0   0.07616       165       416    0.9392    0.9327    0.9355    0.5415   0.05258    0.0262         0
   406/499     1.43G   0.03877   0.03116         0   0.06992       168       416    0.9385    0.9262    0.9329    0.5513   0.05364   0.02621         0
   407/499     1.43G   0.04056   0.03189         0   0.07244       126       416    0.9328    0.9329    0.9347    0.5474   0.05431   0.02584         0
   408/499     1.43G   0.04083   0.03233         0   0.07316       214       416    0.9456    0.9328     0.938    0.5602   0.05583   0.02542         0
   409/499     1.43G   0.03743   0.03119         0   0.06862        94       416    0.9266    0.9329     0.938    0.5583   0.05691   0.02589         0
   410/499     1.43G   0.04182   0.03221         0   0.07403       134       416    0.9324    0.9259    0.9386    0.5485   0.05702   0.02615         0
   411/499     1.43G   0.04208   0.03151         0   0.07359       136       416    0.9267    0.9328    0.9373      0.55   0.05678   0.02598         0
   412/499     1.43G   0.04016    0.0301         0   0.07026       104       416    0.9388    0.9261    0.9377    0.5629   0.05448   0.02551         0
   413/499     1.43G   0.04552   0.03394         0   0.07945       239       416    0.9446    0.9195    0.9373    0.5642   0.05389   0.02498         0
   414/499     1.43G   0.04327   0.03093         0    0.0742       138       416    0.9324    0.9261    0.9384    0.5751   0.05426   0.02488         0
   415/499     1.43G    0.0413   0.03291         0   0.07421       116       416    0.9262    0.9261     0.938    0.5787   0.05422   0.02497         0
   416/499     1.43G   0.03905   0.03103         0   0.07008       100       416    0.9329    0.9328    0.9355     0.553   0.05635   0.02542         0
   417/499     1.43G   0.03988   0.03384         0   0.07372       173       416    0.9329    0.9329    0.9349    0.5463   0.05637   0.02575         0
   418/499     1.43G   0.04147   0.02987         0   0.07134        70       416    0.9266    0.9329    0.9361    0.5577   0.05586   0.02569         0
   419/499     1.43G   0.03935    0.0308         0   0.07015        81       416    0.9144    0.9325    0.9338    0.5606   0.05564    0.0256         0
   420/499     1.43G   0.03992   0.03177         0   0.07169       146       416     0.937    0.8991    0.9328    0.5607   0.05858   0.02595         0
   421/499     1.43G   0.03993   0.03263         0   0.07256       128       416    0.9195    0.9262    0.9367    0.5627   0.05521   0.02563         0
   422/499     1.43G   0.03889   0.02956         0   0.06844       129       416    0.9257    0.9194    0.9384    0.5766   0.05823   0.02545         0
   423/499     1.43G   0.04431   0.03192         0   0.07624       146       416    0.9319    0.9195    0.9388    0.5763   0.05956   0.02547         0
   424/499     1.43G    0.0441   0.03302         0   0.07711       131       416    0.9187    0.9128    0.9341    0.5763   0.06083   0.02604         0
   425/499     1.43G   0.04066   0.02951         0   0.07017       125       416    0.9246     0.906    0.9333    0.5718   0.06203   0.02637         0
   426/499     1.43G   0.03848    0.0316         0   0.07009       122       416      0.95    0.8993    0.9319    0.5565   0.06196   0.02629         0
   427/499     1.43G   0.03858   0.03168         0   0.07026       128       416    0.9507    0.9057     0.935     0.553   0.05914   0.02594         0
   428/499     1.43G   0.04005   0.02946         0   0.06951       100       416    0.9507    0.9059    0.9373    0.5486   0.05125   0.02549         0
   429/499     1.43G   0.04194   0.03343         0   0.07537       126       416    0.9267    0.9328    0.9394    0.5623   0.05069   0.02523         0
   430/499     1.43G   0.03817   0.03067         0   0.06885       143       416    0.9205    0.9329    0.9366     0.553   0.05134   0.02543         0
   431/499     1.43G   0.04383   0.03104         0   0.07486       137       416    0.9145    0.9329    0.9311    0.5641   0.05092   0.02537         0
   432/499     1.43G   0.04384   0.03112         0   0.07496       112       416    0.9145    0.9328     0.937    0.5446   0.05083   0.02556         0
   433/499     1.43G   0.03989   0.03152         0   0.07141       113       416    0.9077    0.9262    0.9277    0.5392   0.05051   0.02526         0
   434/499     1.43G   0.03957   0.03325         0   0.07282       142       416    0.9087    0.9396    0.9385    0.5587   0.05108   0.02538         0
   435/499     1.43G   0.04055   0.02965         0    0.0702       133       416     0.915    0.9395    0.9356    0.5525   0.05283   0.02566         0
   436/499     1.43G    0.0415   0.03151         0   0.07301       143       416    0.9148    0.9396    0.9354    0.5591   0.05477   0.02552         0
   437/499     1.43G   0.03751   0.02987         0   0.06738       105       416    0.9311    0.9128    0.9374    0.5464   0.05511   0.02577         0
   438/499     1.43G   0.04707   0.03125         0   0.07832        88       416    0.9379    0.9126    0.9365    0.5661   0.05596   0.02558         0
   439/499     1.43G   0.04203   0.02978         0   0.07181        74       416    0.9315    0.9127     0.935     0.568   0.05777   0.02573         0
   440/499     1.43G   0.04012   0.03203         0   0.07215       114       416    0.9318    0.9195    0.9283    0.5505    0.0568   0.02631         0
   441/499     1.43G   0.04084   0.03127         0    0.0721       140       416    0.9266    0.9329    0.9358    0.5713   0.05763   0.02615         0
   442/499     1.43G   0.03604   0.03112         0   0.06716       145       416    0.9262    0.9261    0.9375    0.5676    0.0602   0.02617         0
   443/499     1.43G    0.0389   0.03046         0   0.06937       120       416    0.9307     0.906    0.9364    0.5667   0.06174   0.02619         0
   444/499     1.43G   0.03831   0.02974         0   0.06805       112       416      0.92    0.9262    0.9364    0.5729    0.0613   0.02587         0
   445/499     1.43G   0.04245   0.03153         0   0.07398        97       416    0.9571    0.8992    0.9371    0.5749   0.05765    0.0254         0
   446/499     1.43G   0.03781   0.02999         0   0.06781       102       416    0.9202    0.9329    0.9363    0.5756   0.05868   0.02534         0
   447/499     1.43G   0.03814   0.03163         0   0.06977       121       416     0.926    0.9242    0.9376    0.5727   0.05959   0.02535         0
   448/499     1.43G   0.04139   0.02883         0   0.07023        88       416    0.9391    0.9329    0.9439    0.5724   0.05884     0.025         0
   449/499     1.43G   0.04015   0.02929         0   0.06945        80       416    0.9328    0.9329     0.941    0.5784    0.0582   0.02509         0
   450/499     1.43G   0.03769   0.03048         0   0.06817       124       416      0.92    0.9262    0.9347    0.5677   0.05903   0.02584         0
   451/499     1.43G   0.04249   0.03273         0   0.07522       110       416     0.919    0.9195    0.9331    0.5632   0.06003   0.02653         0
   452/499     1.43G   0.03977   0.03002         0    0.0698        96       416     0.913    0.9195    0.9313    0.5508   0.05947   0.02678         0
   453/499     1.43G   0.04196   0.03122         0   0.07318       163       416    0.9437    0.8993    0.9335    0.5656   0.05904   0.02629         0
   454/499     1.43G   0.04071   0.02935         0   0.07006       125       416    0.9136    0.9262    0.9376    0.5647   0.05763   0.02589         0
   455/499     1.43G   0.03978   0.03174         0   0.07152       102       416    0.9262    0.9262    0.9374    0.5517   0.05667   0.02578         0
   456/499     1.43G   0.03923   0.02984         0   0.06908       145       416    0.9439    0.9195    0.9312    0.5463   0.05699    0.0262         0
   457/499     1.43G   0.04012   0.03128         0    0.0714        97       416    0.9382    0.9195    0.9285    0.5517   0.05694   0.02651         0
   458/499     1.43G   0.04055   0.02832         0   0.06887        95       416    0.9262    0.9259    0.9311    0.5495   0.05514   0.02623         0
   459/499     1.43G   0.03892   0.03069         0   0.06962       132       416    0.9383    0.9194    0.9355      0.57   0.05325   0.02538         0
   460/499     1.43G   0.04463   0.02888         0    0.0735        84       416     0.951    0.9126    0.9403    0.5483   0.05242   0.02521         0
   461/499     1.43G   0.03937    0.0309         0   0.07027       109       416    0.9324    0.9261    0.9418    0.5625    0.0524   0.02513         0
   462/499     1.43G   0.03963   0.03064         0   0.07027       157       416    0.9145    0.9328    0.9421     0.569   0.05205   0.02527         0
   463/499     1.43G   0.03872   0.02881         0   0.06753       106       416    0.9096    0.9463    0.9415    0.5735    0.0529    0.0253         0
   464/499     1.43G   0.03806   0.02984         0   0.06789       112       416    0.9266    0.9326    0.9385    0.5554   0.05477   0.02559         0
   465/499     1.43G   0.03892   0.03097         0    0.0699       117       416    0.9255    0.9195    0.9356    0.5505   0.05691   0.02603         0
   466/499     1.43G   0.03727   0.03096         0   0.06824       130       416    0.9127    0.9128    0.9226    0.5401   0.05974   0.02659         0
   467/499     1.43G   0.04127   0.03127         0   0.07253        84       416    0.9194    0.9195    0.9289    0.5535   0.06199   0.02632         0
   468/499     1.43G   0.03973   0.03071         0   0.07044       118       416    0.9424    0.8788    0.9273    0.5534   0.06574   0.02635         0
   469/499     1.43G   0.03873   0.02847         0    0.0672       100       416    0.9184    0.9059    0.9289    0.5538   0.06515   0.02578         0
   470/499     1.43G    0.0382   0.02925         0   0.06745       112       416    0.9194    0.9195    0.9337    0.5381   0.06245   0.02539         0
   471/499     1.43G    0.0429   0.03094         0   0.07384       102       416      0.92    0.9261    0.9379     0.558   0.06049   0.02503         0
   472/499     1.43G   0.03749   0.03204         0   0.06952       142       416    0.8981     0.946    0.9378    0.5636   0.06053   0.02495         0
   473/499     1.43G   0.03785   0.02919         0   0.06704       123       416    0.9201    0.9329    0.9361     0.553   0.06174   0.02517         0
   474/499     1.43G    0.0405   0.02903         0   0.06953       128       416    0.9132    0.9195    0.9332    0.5613   0.06336   0.02544         0
   475/499     1.43G   0.04172   0.03085         0   0.07257        93       416    0.8961     0.926    0.9338    0.5695   0.06456   0.02566         0
   476/499     1.43G   0.03816   0.02958         0   0.06774       116       416    0.8968    0.9329    0.9451    0.5847   0.06456   0.02558         0
   477/499     1.43G   0.03707   0.03085         0   0.06792       147       416    0.9019     0.926    0.9387    0.5906   0.06316   0.02513         0
   478/499     1.43G   0.03342   0.03138         0    0.0648       125       416    0.9142    0.9329    0.9332    0.5721   0.06128   0.02537         0
   479/499     1.43G   0.04066   0.03034         0     0.071       111       416    0.9006    0.9126    0.9159    0.5541   0.06161   0.02617         0
   480/499     1.43G   0.03794   0.03041         0   0.06835       110       416    0.9189    0.9128    0.9305    0.5688   0.06227   0.02608         0
   481/499     1.43G   0.03802   0.03138         0    0.0694       144       416    0.9257    0.9195    0.9376    0.5788   0.06293   0.02524         0
   482/499     1.43G   0.03562   0.03205         0   0.06767       184       416     0.926    0.9262    0.9353    0.5811   0.06352   0.02506         0
   483/499     1.43G   0.03727   0.02929         0   0.06656       115       416    0.9324     0.926    0.9403    0.5792   0.06227   0.02481         0
   484/499     1.43G   0.03644   0.03148         0   0.06792       141       416    0.9262    0.9262    0.9374    0.5772   0.06166   0.02503         0
   485/499     1.43G   0.03714   0.03199         0   0.06913       112       416    0.9267    0.9329    0.9392    0.5668   0.06242   0.02508         0
   486/499     1.43G   0.03754   0.03455         0   0.07209       228       416    0.9321    0.9262    0.9357    0.5669   0.06254   0.02539         0
   487/499     1.43G   0.04095   0.02916         0   0.07011       145       416    0.9211    0.9396    0.9338    0.5687   0.06184   0.02554         0
   488/499     1.43G   0.03548   0.02883         0   0.06431        82       416     0.921    0.9396    0.9347    0.5625    0.0604   0.02567         0
   489/499     1.43G   0.03418   0.02812         0   0.06229       131       416    0.9206    0.9396    0.9341    0.5552   0.05965   0.02561         0
   490/499     1.43G    0.0379   0.03168         0   0.06958       173       416    0.9266    0.9326     0.934    0.5717   0.05988   0.02545         0
   491/499     1.43G   0.03924    0.0329         0   0.07214       171       416    0.9316    0.9329    0.9361    0.5663    0.0595    0.0253         0
   492/499     1.43G   0.03638    0.0313         0   0.06768       154       416    0.9333    0.9395    0.9376    0.5609   0.05918   0.02508         0
   493/499     1.43G   0.04012    0.0293         0   0.06942       149       416      0.92    0.9262    0.9242    0.5465   0.05973   0.02511         0
   494/499     1.43G   0.04123   0.02761         0   0.06884       105       416    0.9144    0.9324    0.9336    0.5539   0.06045   0.02518         0
   495/499     1.43G   0.03859   0.03181         0    0.0704       117       416    0.9205    0.9329    0.9326    0.5665   0.06084   0.02491         0
   496/499     1.43G   0.03773   0.02994         0   0.06767       104       416     0.915    0.9396    0.9325    0.5304   0.06122   0.02571         0
   497/499     1.43G   0.03669    0.0328         0   0.06948       138       416    0.9202    0.9329    0.9324    0.5462    0.0609   0.02589         0
   498/499     1.43G   0.03771    0.0304         0   0.06811        90       416    0.9143    0.9396    0.9323    0.5459   0.06049   0.02585         0
   499/499     1.43G   0.03949   0.02973         0   0.06922       125       416    0.9148    0.9396    0.9301    0.5494   0.06134     0.026         0
